1 1,1 4,3 4,3 2|5 6
1 1,3 2,1 4,3 4|4 9
1 1,1 3,3 3,3 1|5 6
10 10,9 3,8 7,6 8|8 5
10 8,7 3,5 7,0 8|12 4
10 8,7 3,5 7,0 8|10 8
10 9,0 9,6 7,5 4|11 12
1 1,1 4,3 4,3 2|7 3
1 1,3 2,1 4,3 4|3 3
10 9,0 9,6 7,5 4|11 12
1 1,3 2,1 4,3 4|4 5
10 10,1 3,3 3,3 10|5 6
10 10,9 3,8 7,6 8|8 5
10 8,7 3,5 7,0 8|12 4
10 8,7 3,5 7,0 8|10 8
1 9,0 9,6 7,5 4|11 12
10 1,1 4,3 4,3 2|5 3
1 10,3 2,10 4,3 4|3 3
10 1,1 3,3 3,3 1|3 6
10 1,1 4,3 4,3 2|5 6
1 1,3 2,1 4,3 4|3 4
1 1,3 2,1 4,3 4|4 5
1 1,3 2,1 4,3 4|5 6
1 1,3 2,1 4,3 4|6 7
1 1,3 2,1 4,3 4|8 9
1 1,3 2,1 4,3 4|10 9
1 1,3 2,1 4,3 4|10 11
1 1,3 2,1 4,3 4|11 12
1 1,3 2,1 4,3 4|12 4
1 1,3 2,1 4,3 4|12 3
1 1,3 2,1 4,3 4|1 3
1 1,3 2,1 4,3 4|4 3
1 1,3 2,1 4,3 4|4 4
1 1,3 2,1 4,3 4|5 3
1 1,3 2,1 4,3 4|4 6
1 1,3 2,1 4,3 4|4 5
